FT	ID	AT	WT	ST
1	1	1	0	0
3	8	1	0	2
4	18	2	0	2
4	2	1	0	3
4	7	1	0	3
4	12	1	0	3
6	5	1	0	5
6	9	1	0	5
7	13	2	0	5
7	16	2	0	5
7	6	1	0	6
7	4	1	0	6
8	30	4	1	3
8	10	1	0	7
9	24	3	1	5
10	23	3	1	6
10	17	2	0	8
10	3	1	0	9
11	37	5	2	4
11	14	2	0	9
11	11	1	0	10
12	26	3	0	9
13	27	4	0	9
13	21	3	0	10
13	19	2	1	10
14	59	10	1	3
15	54	8	5	2
16	51	8	5	3
16	20	3	0	13
18	33	5	7	6
18	36	5	1	12
19	40	6	6	7
19	38	6	1	12
20	55	8	6	6
21	56	9	8	4
22	45	7	4	11
23	29	4	15	4
23	43	6	9	8
24	42	6	15	3
24	28	4	0	20
25	50	8	10	7
25	25	3	14	8
26	48	7	8	11
26	47	7	0	19
28	32	4	17	7
28	41	6	5	17
29	34	5	15	9
31	31	4	19	8
33	15	2	25	6
36	52	8	8	20
39	44	6	21	12
44	22	3	35	6
45	39	6	27	12
46	35	5	27	14
49	57	9	36	4
49	49	7	32	10
57	58	10	43	4
60	53	8	43	9
66	46	7	50	9
Region A:
  Orders:13 Norm:2 Froz:4 VIP:7
  Motocycles:6  Norm:2 Froz:2 Fast:2
Region B:
  Orders:16 Norm:2 Froz:5 VIP:9
  Motocycles:6  Norm:2 Froz:2 Fast:2
Region C:
  Orders:15 Norm:2 Froz:3 VIP:10
  Motocycles:6  Norm:2 Froz:2 Fast:2
Region D:
  Orders:15 Norm:2 Froz:4 VIP:9
  Motocycles:6  Norm:2 Froz:2 Fast:2
